10.838016 10.838016 10.838016 10.838016 10.838016 10.838016 10.838016 10.838016 10.838016
558.759936 2157.969408 8477.73696 1483.603968 5857.345536 23275.241472 2870.870016 11406.409728 45471.49824
558.759936 2157.969408 8477.73696 1483.603968 5857.345536 23275.241472 2870.870016 11406.409728 45471.49824
156.54912 573.210624 2186.870784 387.760128 1498.054656 5886.246912 734.57664 2885.320704 11435.311104
314.302464 1213.857792 4768.72704 834.527232 3294.756864 13092.323328 1614.864384 6416.105472 25577.71776
87.607296 321.527808 1228.30848 217.663488 841.752576 3309.207552 412.747776 1622.089728 6430.55616
139.689984 539.492352 2119.43424 370.900992 1464.336384 5818.810368 717.717504 2851.602432 11367.87456
39.739392 144.50688 549.126144 97.542144 375.717888 1473.970176 184.246272 722.5344 2861.236224
139.689984 539.492352 2119.43424 370.900992 1464.336384 5818.810368 717.717504 2851.602432 11367.87456
143.302656 546.717696 2133.884928 374.513664 1471.561728 5833.261056 721.330176 2858.827776 11382.325248
427.800576 1652.195328 6490.76736 1135.884288 4484.530176 17820.106752 2198.009856 8733.032448 34814.11584
120.384768 439.91808 1676.430336 297.405696 1148.001792 4508.765184 562.937088 2210.12736 8757.267456
288.656256 1114.810368 4379.61216 766.432128 3025.913856 12024.026112 1483.095936 5892.569088 23490.64704
297.744384 1132.986624 4415.964672 775.520256 3044.090112 12060.378624 1492.184064 5910.745344 23526.999552
51.881984 51.881984 51.881984 51.881984 51.881984 51.881984 51.881984 51.881984 51.881984
558.759936 2157.969408 8477.73696 1483.603968 5857.345536 23275.241472 2870.870016 11406.409728 45471.49824
87.607296 321.527808 1228.30848 217.663488 841.752576 3309.207552 412.747776 1622.089728 6430.55616
39.739392 144.50688 549.126144 97.542144 375.717888 1473.970176 184.246272 722.5344 2861.236224
143.302656 546.717696 2133.884928 374.513664 1471.561728 5833.261056 721.330176 2858.827776 11382.325248
120.384768 439.91808 1676.430336 297.405696 1148.001792 4508.765184 562.937088 2210.12736 8757.267456
297.744384 1132.986624 4415.964672 775.520256 3044.090112 12060.378624 1492.184064 5910.745344 23526.999552
51.881984 51.881984 51.881984 51.881984 51.881984 51.881984 51.881984 51.881984 51.881984
