7.392710   7.557360   0.002185   11.662070   7.969250   8.244780   0.002660   14.633630   3.074530
4.218820   4.649820   0.001200   6.210080   4.153000   4.591240   0.001272   7.001130   3.074530
4.439750   4.546480   0.001169   5.985450   4.541540   5.067330   0.001313   7.099740   3.074530
4.479980   4.587530   0.001195   5.813050   4.200560   4.654310   0.001295   6.831830   3.054510
4.559180   4.582290   0.001169   5.966990   4.526280   4.775200   0.001355   7.256280   2.956980
3.251160   3.272580   0.000840   4.037400   3.211930   3.697280   0.000853   4.518180   1.996040
3.348330   3.856010   0.000853   3.791480   3.091990   3.737700   0.000825   3.894120   1.996040
3.218080   3.168940   0.007978   3.473190   3.181910   3.401320   0.000788   3.422010   2.104500
3.280930   3.427770   0.000836   3.476930   3.164620   3.490530   0.000799   3.747330   1.910270
2.765590   3.123910   0.000761   3.386070   2.798710   3.214940   0.000702   3.475210   1.829600
3.627330   3.480710   0.000943   3.613830   3.296060   3.317650   0.000901   4.159130   1.829600
3.392440   3.535690   0.000867   4.172080   3.504960   3.875450   0.000978   3.837030   1.750990
3.261270   3.625430   0.000950   4.022380   3.716510   3.590010   0.001051   4.400560   1.795500
3.709750   3.470710   0.000948   3.908640   3.569380   3.545750   0.000901   4.178430   1.829600
3.855520   4.013040   0.001043   4.669130   3.462900   4.027970   0.001030   5.175850   2.262530
4.247230   3.928890   0.000989   5.011080   3.425820   3.901040   0.001003   4.690210   1.824990
3.947000   4.249090   0.001089   4.922180   3.900550   4.425220   0.001093   4.936070   1.908230
3.358230   3.825810   0.000929   4.214560   3.509920   3.524860   0.000965   4.686980   1.829600
3.308280   3.644880   0.001002   5.790350   3.580350   3.580460   0.001016   6.056300   1.774420
3.567570   3.309030   0.001114   5.718540   3.425920   3.699100   0.001100   6.109230   1.801060
3.547590   3.390100   0.001066   5.760570   3.303730   3.588850   0.001083   5.714660   1.801060
3.859280   3.549870   0.001058   6.292410   3.636000   3.737320   0.001120   6.431910   1.829600
