0.369636 0.377867 0.291367 0.583104 0.398462 0.412239 0.354719 0.731681 0.153726
0.210941 0.232491 0.160000 0.310504 0.207650 0.229562 0.169594 0.350057 0.153726
0.221987 0.227324 0.155860 0.299272 0.226357 0.253366 0.175500 0.354987 0.153726
0.224000 0.229376 0.159316 0.290652 0.210028 0.232715 0.172079 0.341591 0.152725
0.227958 0.229114 0.155878 0.298349 0.226315 0.238760 0.171511 0.362814 0.147849
0.162558 0.163629 0.168031 0.201870 0.160596 0.184864 0.113759 0.225909 0.099802
0.167416 0.192800 0.170671 0.189574 0.154600 0.186885 0.109933 0.194706 0.099802
0.160903 0.158447 0.159494 0.173659 0.159095 0.170065 0.105116 0.171500 0.105225
0.164046 0.171387 0.155521 0.173846 0.158231 0.174526 0.106588 0.187366 0.095513
0.138279 0.156195 0.126419 0.169303 0.139935 0.160747 0.140358 0.173761 0.091480
0.181366 0.174035 0.125792 0.180691 0.164802 0.165882 0.120246 0.207957 0.091480
0.169621 0.176784 0.115563 0.208603 0.175248 0.193772 0.130344 0.191851 0.087549
0.163063 0.181271 0.126973 0.201118 0.185825 0.179500 0.140131 0.220027 0.089775
0.185487 0.173535 0.126356 0.195432 0.178468 0.177287 0.120147 0.208921 0.091480
0.192776 0.200651 0.139074 0.233457 0.173145 0.177287 0.120147 0.208921 0.113127
0.212361 0.196444 0.131883 0.250553 0.171290 0.195052 0.206003 0.258792 0.091249
0.196585 0.212454 0.145196 0.246108 0.195027 0.220661 0.218603 0.246803 0.095411
0.167911 0.191290 0.123880 0.210728 0.175495 0.175623 0.128705 0.246348 0.091480
0.165414 0.182244 0.133534 0.289517 0.178981 0.178623 0.135455 0.302815 0.088721
0.178378 0.166531 0.148722 0.285927 0.171296 0.185175 0.140035 0.305462 0.090472
0.177380 0.169504 0.142103 0.288028 0.165186 0.179442 0.136686 0.285733 0.089052
0.192964 0.176293 0.140979 0.314620 0.181800 0.186866 0.149311 0.321595 0.091480
